25
3
9
16
27
34
8
17
33
6
56
4
36
26
110
14
0
16
1
51
30
11
15
0
16
16
54
45
51
63
111
5
50
21
26
57
1
1
4
32
18
5
39
23
8
4
2
11
3
17
14
35
76
85
39
87
33
91
65
48
70
1
16
15
50
2
19
23
9
19
6
33
43
48
52
11
73
15
49
24
1
121
17
36
75
119
0
0
1
11
54
2
4
21
69
6
47
41
10
5
93
54
13
55
113
1
0
1
22
10
8
56
14
3
12
31
21
27
2
36
19
1
8
6
2
59
128
62
57
107
62
138
86
0
1
16
22
50
24
3
10
22
31
80
1
18
45
34
47
14
50
97
10
13
30
61
116
48
84
87
109
4
15
56
22
63
60
0
25
22
50
11
7
12
22
70
10
3
74
45
4
11
1
1
16
2
19
26
63
11
7
28
19
15
70
45
43
48
0
60
31
52
12
31
2
1
16
13
51
2
19
11
54
53
11
34
50
35
63
18
9
42
0
53
52
70
0
0
1
16
15
50
2
19
23
9
33
6
36
64
25
85
48
79
13
90
0
4
8
1
14
4
43
0
25
3
9
16
27
34
8
42
7
6
7
46
3
1
91
18
7
63
17
79
36
42
47
1
1
25
22
50
47
19
11
6
4
37
67
16
22
51
27
29
7
4
36
7
0
84
13
65
0
6
65
25
18
119
1
16
22
51
27
29
7
12
1
2
76
10
16
42
6
6
56
17
54
1
20
0
0
25
4
41
20
7
21
39
46
15
18
57
52
17
3
1
1
25
22
50
16
7
9
16
26
8
17
81
67
42
45
5
27
80
1
0
25
3
9
16
27
34
8
42
7
17
87
2
3
0
35
31
27
23
3
64
71
1
25
22
50
11
7
12
22
16
22
24
81
52
56
58
5
76
40
1
0
16
13
51
2
19
35
11
11
0
54
16
42
33
1
68
56
29
2
0
1
16
22
51
27
29
7
4
36
7
2
8
46
11
2
89
8
66
3
61
13
71
63
1
1
16
13
51
35
19
4
0
4
8
4
2
14
33
52
2
0
29
5
1
28
112
0
2
1
16
15
50
26
48
23
24
47
0
49
59
8
71
4
4
1
16
15
50
15
19
22
8
39
57
19
66
38
57
20
22
18
1
39
22
17
70
26
15
50
1
16
15
50
15
19
22
79
38
34
38
47
33
48
34
41
69
47
0
25
11
9
18
25
35
4
36
7
7
18
108
10
3
38
8
2
37
3
63
88
1
1
16
22
50
24
1
15
19
28
0
34
0
46
28
36
1
0
